1 0.4 90.0 0.0 10.0
2 0.6 90.0 0.0 10.0
3 0.6 270.0 180.0 10.0
4 1.9 180.0 90.0 10.0
5 2.6 180.0 0.0 10.0
6 2.9 0.0 180.0 10.0
7 3.6 90.0 0.0 10.0
8 4.0 180.0 90.0 10.0
9 4.7 90.0 270.0 10.0
10 4.8 270.0 180.0 10.0
11 5.2 0.0 180.0 10.0
12 6.4 0.0 270.0 10.0
13 6.6 270.0 90.0 10.0
14 6.6 90.0 180.0 10.0
15 7.1 180.0 270.0 10.0
16 7.2 270.0 90.0 10.0
17 8.4 180.0 90.0 10.0
18 8.6 270.0 90.0 10.0
19 8.7 90.0 270.0 10.0
20 10.2 270.0 180.0 10.0
21 10.3 180.0 0.0 10.0
22 10.7 270.0 0.0 10.0
23 10.8 90.0 0.0 10.0
24 11.1 90.0 0.0 10.0
25 11.6 90.0 180.0 10.0
26 11.8 180.0 90.0 10.0
27 11.9 180.0 90.0 10.0
28 12.0 270.0 0.0 10.0
29 12.1 270.0 0.0 10.0
30 12.2 90.0 180.0 10.0
31 12.6 270.0 90.0 10.0
32 12.7 270.0 90.0 10.0
33 13.6 180.0 270.0 10.0
34 14.4 0.0 270.0 10.0
35 14.5 180.0 0.0 10.0
36 15.1 0.0 270.0 10.0
37 16.3 180.0 270.0 10.0
38 16.3 0.0 90.0 10.0
39 16.9 90.0 180.0 10.0
40 17.1 180.0 270.0 10.0
41 17.4 270.0 0.0 10.0
42 18.9 180.0 90.0 10.0
43 19.2 0.0 180.0 10.0
44 19.4 180.0 270.0 10.0
45 19.8 270.0 0.0 10.0
46 20.1 0.0 270.0 10.0
47 20.2 180.0 0.0 10.0
48 20.2 180.0 270.0 10.0
49 20.3 180.0 90.0 10.0
50 20.5 0.0 90.0 10.0
51 20.6 270.0 180.0 10.0
52 20.8 0.0 270.0 10.0
53 20.9 180.0 0.0 10.0
54 21.0 180.0 0.0 10.0
55 21.7 270.0 180.0 10.0
56 22.6 180.0 90.0 10.0
57 23.5 0.0 270.0 10.0
58 24.8 180.0 0.0 10.0
59 25.1 0.0 180.0 10.0
60 25.2 180.0 90.0 10.0
61 25.3 180.0 90.0 10.0
62 25.8 90.0 0.0 10.0
63 26.0 90.0 270.0 10.0
64 27.2 270.0 90.0 10.0
65 27.3 270.0 90.0 10.0
66 27.5 180.0 90.0 10.0
67 30.1 270.0 180.0 10.0
68 30.2 270.0 0.0 10.0
69 32.0 90.0 0.0 10.0
70 32.2 0.0 90.0 10.0
71 32.6 270.0 90.0 10.0
72 33.3 270.0 0.0 10.0
73 33.9 270.0 0.0 10.0
74 34.1 0.0 90.0 10.0
75 35.7 0.0 180.0 10.0
76 36.1 270.0 0.0 10.0
77 36.5 270.0 90.0 10.0
78 37.0 90.0 180.0 10.0
79 37.3 180.0 0.0 10.0
80 37.6 90.0 270.0 10.0
81 38.5 270.0 180.0 10.0
82 38.6 180.0 90.0 10.0
83 38.6 0.0 90.0 10.0
84 38.8 180.0 0.0 10.0
85 39.1 90.0 270.0 10.0
86 39.6 90.0 180.0 10.0
87 39.7 90.0 270.0 10.0
88 39.7 0.0 180.0 10.0
89 40.3 90.0 180.0 10.0
90 40.9 90.0 0.0 10.0
91 41.0 0.0 270.0 10.0
92 42.2 180.0 0.0 10.0
93 42.5 0.0 180.0 10.0
94 42.8 90.0 0.0 10.0
95 43.0 90.0 180.0 10.0
96 44.0 180.0 90.0 10.0
97 44.3 0.0 270.0 10.0
98 44.3 0.0 90.0 10.0
99 45.7 270.0 0.0 10.0
100 46.1 90.0 0.0 10.0
101 46.6 90.0 270.0 10.0
102 47.4 0.0 270.0 10.0
103 50.0 0.0 90.0 10.0
104 50.4 0.0 270.0 10.0
105 51.2 180.0 90.0 10.0
106 52.2 270.0 180.0 10.0
107 52.8 0.0 180.0 10.0
108 53.3 0.0 180.0 10.0
109 53.3 90.0 270.0 10.0
110 53.4 90.0 270.0 10.0
111 53.9 270.0 180.0 10.0
112 54.8 0.0 180.0 10.0
113 54.9 0.0 270.0 10.0
114 55.1 90.0 270.0 10.0
115 55.2 180.0 270.0 10.0
116 56.5 90.0 180.0 10.0
117 57.0 180.0 90.0 10.0
118 57.0 270.0 0.0 10.0
119 58.0 90.0 0.0 10.0
120 59.2 180.0 0.0 10.0
121 59.5 90.0 270.0 10.0
122 59.5 270.0 180.0 10.0
123 59.7 270.0 90.0 10.0
124 59.8 270.0 180.0 10.0
125 60.4 90.0 0.0 10.0
126 60.9 0.0 90.0 10.0
127 61.4 0.0 180.0 10.0
128 62.6 180.0 270.0 10.0
129 62.6 0.0 90.0 10.0
130 63.5 0.0 180.0 10.0
131 63.5 90.0 180.0 10.0
132 64.5 270.0 180.0 10.0
133 65.0 180.0 90.0 10.0
134 65.2 0.0 90.0 10.0
135 65.4 90.0 180.0 10.0
136 66.6 0.0 270.0 10.0
137 67.0 270.0 0.0 10.0
138 67.4 90.0 0.0 10.0
139 67.8 90.0 270.0 10.0
140 67.8 270.0 90.0 10.0
141 68.0 180.0 270.0 10.0
142 68.1 180.0 0.0 10.0
143 69.2 0.0 270.0 10.0
144 69.4 270.0 90.0 10.0
145 69.7 0.0 180.0 10.0
146 70.0 90.0 0.0 10.0
147 71.4 0.0 270.0 10.0
148 72.0 0.0 90.0 10.0
149 73.6 180.0 0.0 10.0
150 74.4 90.0 0.0 10.0
151 74.6 180.0 0.0 10.0
152 74.9 180.0 0.0 10.0
153 75.0 90.0 270.0 10.0
154 75.1 90.0 0.0 10.0
155 75.5 270.0 0.0 10.0
156 75.5 90.0 180.0 10.0
157 75.6 0.0 180.0 10.0
158 75.8 0.0 270.0 10.0
159 77.5 0.0 90.0 10.0
160 77.5 180.0 270.0 10.0
161 78.0 0.0 90.0 10.0
162 78.3 90.0 270.0 10.0
163 78.5 0.0 90.0 10.0
164 79.0 90.0 270.0 10.0
165 79.5 90.0 180.0 10.0
166 79.7 90.0 270.0 10.0
167 79.7 270.0 90.0 10.0
168 80.3 270.0 0.0 10.0
169 80.3 270.0 0.0 10.0
170 80.7 270.0 90.0 10.0
171 80.7 0.0 270.0 10.0
172 81.6 270.0 0.0 10.0
173 81.8 0.0 180.0 10.0
174 82.7 180.0 270.0 10.0
175 82.9 270.0 0.0 10.0
176 82.9 90.0 270.0 10.0
177 83.2 0.0 180.0 10.0
178 83.6 0.0 270.0 10.0
179 85.0 90.0 0.0 10.0
180 85.7 270.0 180.0 10.0
181 86.5 90.0 270.0 10.0
182 86.8 270.0 180.0 10.0
183 86.9 90.0 180.0 10.0
184 87.2 90.0 270.0 10.0
185 88.0 0.0 270.0 10.0
186 88.8 270.0 180.0 10.0
187 88.9 180.0 0.0 10.0
188 89.1 90.0 270.0 10.0
189 89.2 180.0 270.0 10.0
190 89.9 0.0 180.0 10.0
191 90.3 180.0 0.0 10.0
192 90.3 90.0 0.0 10.0
193 90.7 180.0 0.0 10.0
194 92.9 90.0 0.0 10.0
195 93.1 0.0 270.0 10.0
196 93.8 270.0 0.0 10.0
197 94.0 0.0 270.0 10.0
198 94.5 90.0 270.0 10.0
199 94.5 270.0 0.0 10.0
200 94.6 90.0 180.0 10.0
