1 0.3 270.0 180.0 10.0
2 0.5 90.0 270.0 10.0
3 0.7 0.0 90.0 10.0
4 1.3 90.0 270.0 10.0
5 3.1 270.0 180.0 10.0
6 3.2 90.0 180.0 10.0
7 3.9 270.0 0.0 10.0
8 4.9 0.0 90.0 10.0
9 6.6 90.0 0.0 10.0
10 7.5 90.0 0.0 10.0
11 8.3 270.0 0.0 10.0
12 8.5 180.0 0.0 10.0
13 8.7 90.0 270.0 10.0
14 8.8 270.0 0.0 10.0
15 9.6 180.0 0.0 10.0
16 10.3 180.0 270.0 10.0
17 10.5 270.0 180.0 10.0
18 10.5 90.0 180.0 10.0
19 11.3 180.0 270.0 10.0
20 11.8 90.0 0.0 10.0
21 12.2 270.0 180.0 10.0
22 12.7 0.0 180.0 10.0
23 13.1 90.0 180.0 10.0
24 13.1 0.0 180.0 10.0
25 14.7 0.0 180.0 10.0
26 14.9 90.0 0.0 10.0
27 16.9 0.0 270.0 10.0
28 17.1 180.0 90.0 10.0
29 17.1 90.0 180.0 10.0
30 17.1 180.0 90.0 10.0
