1 1.0 216.0 144.0 10.0
2 1.3 216.0 144.0 10.0
3 1.5 288.0 216.0 10.0
4 1.5 0.0 288.0 10.0
5 2.0 216.0 144.0 10.0
6 3.2 288.0 216.0 10.0
7 3.4 216.0 72.0 10.0
8 3.9 216.0 144.0 10.0
9 4.1 288.0 144.0 10.0
10 5.0 144.0 288.0 10.0
11 5.1 144.0 72.0 10.0
12 6.2 72.0 144.0 10.0
13 6.6 72.0 288.0 10.0
14 6.8 288.0 72.0 10.0
15 7.1 288.0 144.0 10.0
16 7.1 288.0 144.0 10.0
17 7.8 288.0 72.0 10.0
18 8.2 0.0 72.0 10.0
19 8.4 144.0 216.0 10.0
20 9.3 0.0 144.0 10.0
21 9.6 72.0 216.0 10.0
22 10.4 72.0 144.0 10.0
23 10.4 144.0 216.0 10.0
24 12.2 72.0 0.0 10.0
25 13.2 144.0 288.0 10.0
26 13.4 288.0 144.0 10.0
27 14.5 72.0 144.0 10.0
28 15.2 288.0 0.0 10.0
29 15.8 144.0 216.0 10.0
30 16.2 288.0 72.0 10.0
31 17.5 72.0 144.0 10.0
32 18.0 72.0 0.0 10.0
33 19.1 72.0 0.0 10.0
34 19.6 0.0 144.0 10.0
35 20.0 288.0 216.0 10.0
36 21.0 216.0 72.0 10.0
37 21.1 288.0 72.0 10.0
38 21.2 288.0 72.0 10.0
39 22.7 288.0 72.0 10.0
40 23.9 216.0 144.0 10.0
41 24.1 72.0 216.0 10.0
42 24.2 144.0 0.0 10.0
43 24.2 288.0 216.0 10.0
44 24.3 144.0 288.0 10.0
45 24.5 144.0 0.0 10.0
46 24.5 72.0 144.0 10.0
47 24.9 144.0 0.0 10.0
48 26.1 144.0 216.0 10.0
49 26.2 144.0 72.0 10.0
50 26.3 0.0 144.0 10.0
51 26.3 72.0 144.0 10.0
52 26.8 0.0 144.0 10.0
53 27.1 216.0 0.0 10.0
54 27.7 288.0 144.0 10.0
55 28.1 288.0 0.0 10.0
56 28.2 288.0 0.0 10.0
57 28.3 72.0 216.0 10.0
58 28.6 216.0 288.0 10.0
59 28.7 0.0 288.0 10.0
60 29.4 0.0 72.0 10.0
61 29.8 216.0 144.0 10.0
62 29.8 144.0 288.0 10.0
63 29.9 216.0 72.0 10.0
64 30.0 72.0 0.0 10.0
65 30.1 216.0 144.0 10.0
66 31.1 288.0 216.0 10.0
67 31.1 288.0 0.0 10.0
68 32.0 72.0 0.0 10.0
69 32.4 288.0 72.0 10.0
70 32.6 72.0 144.0 10.0
71 33.3 0.0 72.0 10.0
72 33.5 288.0 72.0 10.0
73 34.0 288.0 216.0 10.0
74 34.5 288.0 0.0 10.0
75 34.6 72.0 0.0 10.0
76 35.1 144.0 216.0 10.0
77 35.5 72.0 216.0 10.0
78 35.5 72.0 288.0 10.0
79 35.9 216.0 72.0 10.0
80 36.3 216.0 72.0 10.0
81 36.9 0.0 144.0 10.0
82 37.8 72.0 216.0 10.0
83 38.3 216.0 288.0 10.0
84 38.4 0.0 72.0 10.0
85 38.6 144.0 288.0 10.0
86 39.1 144.0 288.0 10.0
87 39.3 72.0 144.0 10.0
88 41.0 144.0 0.0 10.0
89 41.9 72.0 216.0 10.0
90 42.6 216.0 288.0 10.0
91 43.4 216.0 72.0 10.0
92 43.5 216.0 0.0 10.0
93 43.6 72.0 144.0 10.0
94 43.8 72.0 288.0 10.0
95 45.2 216.0 288.0 10.0
96 45.3 72.0 0.0 10.0
97 45.6 216.0 288.0 10.0
98 45.8 72.0 216.0 10.0
99 46.2 0.0 216.0 10.0
100 46.3 0.0 288.0 10.0
