1 0.0 72.0 216.0 10.0
2 0.2 288.0 72.0 10.0
3 0.7 0.0 216.0 10.0
4 0.9 288.0 144.0 10.0
5 1.8 144.0 216.0 10.0
6 2.0 144.0 0.0 10.0
7 2.6 288.0 72.0 10.0
8 3.3 72.0 144.0 10.0
9 4.2 144.0 72.0 10.0
10 4.6 72.0 0.0 10.0
11 4.7 72.0 144.0 10.0
12 5.6 72.0 216.0 10.0
13 6.6 144.0 288.0 10.0
14 6.7 72.0 0.0 10.0
15 6.7 72.0 288.0 10.0
16 7.9 288.0 0.0 10.0
17 9.3 72.0 288.0 10.0
18 10.1 288.0 144.0 10.0
19 10.6 216.0 288.0 10.0
20 11.0 288.0 72.0 10.0
21 11.4 216.0 144.0 10.0
22 11.9 216.0 0.0 10.0
23 12.1 144.0 216.0 10.0
24 12.3 144.0 72.0 10.0
25 13.1 72.0 216.0 10.0
26 13.3 0.0 288.0 10.0
27 14.0 72.0 144.0 10.0
28 14.9 144.0 72.0 10.0
29 15.3 0.0 72.0 10.0
30 15.4 0.0 72.0 10.0
31 16.2 0.0 216.0 10.0
32 16.5 72.0 0.0 10.0
33 16.6 216.0 0.0 10.0
34 19.1 288.0 144.0 10.0
35 19.4 0.0 72.0 10.0
36 19.4 0.0 288.0 10.0
37 19.6 72.0 216.0 10.0
38 20.6 144.0 72.0 10.0
39 20.7 72.0 216.0 10.0
40 20.9 144.0 216.0 10.0
41 21.2 216.0 0.0 10.0
42 21.3 144.0 288.0 10.0
43 22.1 288.0 72.0 10.0
44 22.6 144.0 0.0 10.0
45 23.0 72.0 216.0 10.0
46 23.2 216.0 144.0 10.0
47 23.2 72.0 144.0 10.0
48 23.2 144.0 216.0 10.0
49 23.3 72.0 144.0 10.0
50 23.9 216.0 72.0 10.0
51 25.5 0.0 72.0 10.0
52 25.8 288.0 0.0 10.0
53 25.9 144.0 72.0 10.0
54 26.4 72.0 216.0 10.0
55 26.6 288.0 216.0 10.0
56 27.5 0.0 288.0 10.0
57 28.1 216.0 288.0 10.0
58 28.6 288.0 72.0 10.0
59 29.0 144.0 288.0 10.0
60 29.0 72.0 144.0 10.0
61 29.1 72.0 144.0 10.0
62 29.4 72.0 0.0 10.0
63 30.1 216.0 288.0 10.0
64 30.2 0.0 72.0 10.0
65 30.3 288.0 144.0 10.0
66 30.3 144.0 216.0 10.0
67 30.6 216.0 72.0 10.0
68 31.3 0.0 216.0 10.0
69 32.8 0.0 144.0 10.0
70 32.9 72.0 216.0 10.0
71 33.2 144.0 0.0 10.0
72 33.4 288.0 144.0 10.0
73 34.0 216.0 144.0 10.0
74 34.5 144.0 288.0 10.0
75 34.8 72.0 0.0 10.0
76 35.4 288.0 144.0 10.0
77 35.8 72.0 288.0 10.0
78 35.8 144.0 0.0 10.0
79 36.2 0.0 72.0 10.0
80 36.2 288.0 0.0 10.0
81 36.5 72.0 144.0 10.0
82 36.7 72.0 216.0 10.0
83 37.0 288.0 216.0 10.0
84 37.2 0.0 72.0 10.0
85 37.6 288.0 216.0 10.0
86 38.1 0.0 288.0 10.0
87 39.6 72.0 216.0 10.0
88 39.7 288.0 216.0 10.0
89 39.8 288.0 0.0 10.0
90 40.9 288.0 0.0 10.0
91 42.3 288.0 144.0 10.0
92 42.4 144.0 216.0 10.0
93 42.9 288.0 72.0 10.0
94 44.7 144.0 72.0 10.0
95 44.9 216.0 288.0 10.0
96 45.0 216.0 288.0 10.0
97 45.0 72.0 0.0 10.0
98 45.2 288.0 216.0 10.0
99 45.7 0.0 144.0 10.0
100 49.8 72.0 0.0 10.0
101 49.9 144.0 0.0 10.0
102 51.4 216.0 72.0 10.0
103 51.5 72.0 0.0 10.0
104 51.9 0.0 288.0 10.0
105 52.1 72.0 216.0 10.0
106 52.6 72.0 144.0 10.0
107 53.0 216.0 144.0 10.0
108 53.5 144.0 72.0 10.0
109 53.9 216.0 288.0 10.0
110 54.3 216.0 288.0 10.0
111 55.3 144.0 72.0 10.0
112 55.3 0.0 288.0 10.0
113 56.0 72.0 288.0 10.0
114 56.4 0.0 72.0 10.0
115 58.4 288.0 216.0 10.0
116 59.9 144.0 72.0 10.0
117 60.1 144.0 216.0 10.0
118 60.3 0.0 144.0 10.0
119 61.3 0.0 216.0 10.0
120 61.3 72.0 288.0 10.0
121 63.2 0.0 288.0 10.0
122 64.0 144.0 0.0 10.0
123 64.9 216.0 72.0 10.0
124 65.1 144.0 216.0 10.0
125 65.4 72.0 288.0 10.0
126 67.4 216.0 0.0 10.0
127 67.7 288.0 0.0 10.0
128 68.1 144.0 0.0 10.0
129 69.9 288.0 0.0 10.0
130 70.1 0.0 288.0 10.0
131 71.1 72.0 216.0 10.0
132 71.3 72.0 288.0 10.0
133 73.7 216.0 144.0 10.0
134 74.9 0.0 216.0 10.0
135 75.2 144.0 216.0 10.0
136 75.4 0.0 288.0 10.0
137 76.0 216.0 288.0 10.0
138 76.1 144.0 288.0 10.0
139 76.4 144.0 216.0 10.0
140 76.9 288.0 144.0 10.0
141 77.1 144.0 216.0 10.0
142 77.8 216.0 144.0 10.0
143 80.2 0.0 288.0 10.0
144 80.9 288.0 216.0 10.0
145 81.1 72.0 216.0 10.0
146 81.3 0.0 288.0 10.0
147 81.9 288.0 0.0 10.0
148 82.9 72.0 0.0 10.0
149 83.3 216.0 288.0 10.0
150 83.5 0.0 216.0 10.0
151 84.9 144.0 216.0 10.0
152 85.3 72.0 144.0 10.0
153 85.9 72.0 144.0 10.0
154 86.3 216.0 72.0 10.0
155 86.4 216.0 72.0 10.0
156 86.7 72.0 144.0 10.0
157 88.0 216.0 72.0 10.0
158 88.6 0.0 216.0 10.0
159 88.7 216.0 288.0 10.0
160 89.4 144.0 0.0 10.0
161 90.2 144.0 72.0 10.0
162 90.2 288.0 216.0 10.0
163 90.8 72.0 0.0 10.0
164 91.1 72.0 216.0 10.0
165 91.1 0.0 144.0 10.0
166 92.7 144.0 0.0 10.0
167 92.8 288.0 72.0 10.0
168 93.9 72.0 288.0 10.0
169 94.0 288.0 216.0 10.0
170 94.2 0.0 72.0 10.0
171 95.7 0.0 144.0 10.0
172 96.0 72.0 216.0 10.0
173 96.4 72.0 216.0 10.0
174 97.2 72.0 0.0 10.0
175 97.2 72.0 288.0 10.0
176 97.7 288.0 72.0 10.0
177 98.1 288.0 216.0 10.0
178 98.1 288.0 216.0 10.0
179 98.2 0.0 288.0 10.0
180 99.0 216.0 288.0 10.0
181 99.2 216.0 72.0 10.0
182 99.3 144.0 288.0 10.0
183 99.7 288.0 0.0 10.0
184 99.9 0.0 144.0 10.0
185 99.9 144.0 0.0 10.0
186 101.1 72.0 0.0 10.0
187 102.2 144.0 72.0 10.0
188 103.1 144.0 72.0 10.0
189 103.2 0.0 72.0 10.0
190 104.3 144.0 0.0 10.0
191 104.8 72.0 288.0 10.0
192 104.9 0.0 288.0 10.0
193 105.0 288.0 72.0 10.0
194 105.4 0.0 144.0 10.0
195 105.8 0.0 72.0 10.0
196 105.9 72.0 216.0 10.0
197 106.1 0.0 288.0 10.0
198 106.4 288.0 72.0 10.0
199 106.4 216.0 288.0 10.0
200 107.8 288.0 0.0 10.0
