1 0.1 72.0 288.0 10.0
2 0.3 0.0 144.0 10.0
3 1.0 288.0 144.0 10.0
4 2.1 0.0 144.0 10.0
5 2.7 216.0 72.0 10.0
6 2.8 216.0 144.0 10.0
7 3.4 0.0 288.0 10.0
8 3.6 0.0 288.0 10.0
9 4.2 288.0 144.0 10.0
10 5.0 0.0 216.0 10.0
11 5.1 0.0 216.0 10.0
12 5.4 144.0 72.0 10.0
13 5.5 0.0 144.0 10.0
14 5.6 216.0 0.0 10.0
15 6.1 288.0 216.0 10.0
16 6.7 216.0 0.0 10.0
17 6.7 288.0 216.0 10.0
18 6.8 0.0 216.0 10.0
19 7.4 144.0 288.0 10.0
20 7.5 288.0 216.0 10.0
21 7.6 72.0 144.0 10.0
22 8.1 144.0 288.0 10.0
23 9.7 144.0 0.0 10.0
24 10.7 216.0 72.0 10.0
25 12.0 144.0 72.0 10.0
26 12.7 288.0 0.0 10.0
27 12.8 288.0 144.0 10.0
28 13.6 288.0 72.0 10.0
29 14.4 0.0 216.0 10.0
30 17.0 72.0 0.0 10.0
