1 0.3 180.0 60.0 10.0
2 0.8 120.0 60.0 10.0
3 1.4 300.0 60.0 10.0
4 2.1 60.0 120.0 10.0
5 2.2 240.0 180.0 10.0
6 2.4 60.0 240.0 10.0
7 3.2 120.0 300.0 10.0
8 3.4 60.0 300.0 10.0
9 4.0 0.0 60.0 10.0
10 5.2 120.0 0.0 10.0
11 6.2 180.0 120.0 10.0
12 6.8 180.0 120.0 10.0
13 9.2 300.0 0.0 10.0
14 9.4 120.0 60.0 10.0
15 11.6 60.0 180.0 10.0
16 11.7 180.0 60.0 10.0
17 11.7 0.0 180.0 10.0
18 12.2 240.0 120.0 10.0
19 12.2 300.0 60.0 10.0
20 12.3 180.0 300.0 10.0
21 13.6 300.0 60.0 10.0
22 14.7 180.0 240.0 10.0
23 16.6 240.0 60.0 10.0
24 16.7 120.0 300.0 10.0
25 17.0 120.0 180.0 10.0
26 17.2 240.0 60.0 10.0
27 17.6 60.0 120.0 10.0
28 18.5 120.0 60.0 10.0
29 18.6 60.0 300.0 10.0
30 19.0 0.0 120.0 10.0
31 19.6 120.0 180.0 10.0
32 20.3 180.0 60.0 10.0
33 21.7 180.0 120.0 10.0
34 21.8 120.0 240.0 10.0
35 22.1 300.0 120.0 10.0
36 23.0 0.0 180.0 10.0
37 23.2 0.0 60.0 10.0
38 23.5 300.0 180.0 10.0
39 24.1 60.0 120.0 10.0
40 24.6 60.0 180.0 10.0
41 25.0 240.0 300.0 10.0
42 26.9 300.0 120.0 10.0
43 27.1 240.0 0.0 10.0
44 27.2 300.0 240.0 10.0
45 27.2 240.0 0.0 10.0
46 27.3 0.0 240.0 10.0
47 27.5 180.0 60.0 10.0
48 29.8 60.0 0.0 10.0
49 30.7 240.0 300.0 10.0
50 31.0 300.0 0.0 10.0
51 31.5 120.0 60.0 10.0
52 32.4 120.0 300.0 10.0
53 35.4 180.0 60.0 10.0
54 35.6 300.0 240.0 10.0
55 36.6 120.0 60.0 10.0
56 39.2 120.0 60.0 10.0
57 39.8 300.0 0.0 10.0
58 39.9 120.0 180.0 10.0
59 41.1 120.0 180.0 10.0
60 41.4 180.0 300.0 10.0
61 41.5 120.0 300.0 10.0
62 42.7 300.0 120.0 10.0
63 42.9 180.0 60.0 10.0
64 44.1 180.0 240.0 10.0
65 44.9 300.0 0.0 10.0
66 45.3 0.0 240.0 10.0
67 46.0 120.0 180.0 10.0
68 47.0 120.0 0.0 10.0
69 47.2 0.0 60.0 10.0
70 47.3 120.0 180.0 10.0
71 47.7 300.0 0.0 10.0
72 48.1 300.0 0.0 10.0
73 48.5 300.0 0.0 10.0
74 49.9 120.0 180.0 10.0
75 50.8 60.0 300.0 10.0
76 51.1 300.0 240.0 10.0
77 52.1 60.0 180.0 10.0
78 52.5 300.0 180.0 10.0
79 52.5 120.0 0.0 10.0
80 53.8 300.0 120.0 10.0
81 56.4 60.0 180.0 10.0
82 56.7 120.0 240.0 10.0
83 57.0 0.0 180.0 10.0
84 58.4 0.0 300.0 10.0
85 58.7 0.0 120.0 10.0
86 59.2 60.0 0.0 10.0
87 60.4 180.0 240.0 10.0
88 60.5 240.0 120.0 10.0
89 61.4 300.0 180.0 10.0
90 61.9 180.0 240.0 10.0
91 62.9 180.0 120.0 10.0
92 63.1 0.0 300.0 10.0
93 63.2 0.0 240.0 10.0
94 63.7 240.0 180.0 10.0
95 63.8 0.0 180.0 10.0
96 64.7 300.0 0.0 10.0
97 66.5 240.0 0.0 10.0
98 66.8 0.0 120.0 10.0
99 67.2 300.0 180.0 10.0
100 67.3 60.0 180.0 10.0
101 67.9 60.0 180.0 10.0
102 68.0 0.0 120.0 10.0
103 68.4 240.0 60.0 10.0
104 68.5 300.0 240.0 10.0
105 68.9 120.0 180.0 10.0
106 68.9 180.0 0.0 10.0
107 69.0 60.0 120.0 10.0
108 70.1 120.0 300.0 10.0
109 70.3 180.0 60.0 10.0
110 70.5 0.0 180.0 10.0
111 71.2 180.0 240.0 10.0
112 71.5 180.0 240.0 10.0
113 71.5 120.0 0.0 10.0
114 72.0 240.0 300.0 10.0
115 72.5 180.0 0.0 10.0
116 73.5 0.0 300.0 10.0
117 73.6 180.0 300.0 10.0
118 74.0 180.0 120.0 10.0
119 75.1 300.0 120.0 10.0
120 76.4 120.0 240.0 10.0
121 76.6 240.0 180.0 10.0
122 77.3 240.0 120.0 10.0
123 77.5 240.0 300.0 10.0
124 77.7 300.0 120.0 10.0
125 78.2 60.0 0.0 10.0
126 78.4 240.0 60.0 10.0
127 78.5 180.0 0.0 10.0
128 79.8 0.0 300.0 10.0
129 79.9 0.0 120.0 10.0
130 80.0 0.0 120.0 10.0
131 80.2 120.0 0.0 10.0
132 80.5 120.0 300.0 10.0
133 80.6 60.0 240.0 10.0
134 81.1 120.0 60.0 10.0
135 81.4 120.0 300.0 10.0
136 82.4 300.0 180.0 10.0
137 83.3 300.0 60.0 10.0
138 84.4 300.0 180.0 10.0
139 84.5 300.0 240.0 10.0
140 84.7 120.0 300.0 10.0
141 85.3 60.0 240.0 10.0
142 85.5 60.0 180.0 10.0
143 85.8 120.0 180.0 10.0
144 86.0 300.0 120.0 10.0
145 86.2 240.0 180.0 10.0
146 86.3 300.0 0.0 10.0
147 86.4 120.0 0.0 10.0
148 87.0 120.0 300.0 10.0
149 87.5 0.0 60.0 10.0
150 87.7 60.0 300.0 10.0
151 88.9 0.0 120.0 10.0
152 89.7 180.0 0.0 10.0
153 89.8 240.0 60.0 10.0
154 89.9 300.0 120.0 10.0
155 90.2 0.0 180.0 10.0
156 91.0 120.0 0.0 10.0
157 91.4 0.0 300.0 10.0
158 91.5 60.0 240.0 10.0
159 93.1 300.0 60.0 10.0
160 93.6 180.0 60.0 10.0
161 94.2 0.0 180.0 10.0
162 94.4 300.0 0.0 10.0
163 95.1 60.0 300.0 10.0
164 95.1 240.0 120.0 10.0
165 97.3 120.0 300.0 10.0
166 97.5 240.0 60.0 10.0
167 97.7 60.0 0.0 10.0
168 98.2 240.0 120.0 10.0
169 101.4 180.0 240.0 10.0
170 101.9 300.0 120.0 10.0
171 102.0 180.0 120.0 10.0
172 102.3 240.0 0.0 10.0
173 102.3 300.0 60.0 10.0
174 102.5 0.0 300.0 10.0
175 102.9 120.0 240.0 10.0
176 103.6 120.0 300.0 10.0
177 103.7 240.0 300.0 10.0
178 103.7 0.0 180.0 10.0
179 105.7 180.0 0.0 10.0
180 105.7 0.0 60.0 10.0
181 106.4 60.0 240.0 10.0
182 106.7 120.0 180.0 10.0
183 107.3 120.0 0.0 10.0
184 107.3 240.0 60.0 10.0
185 108.9 0.0 60.0 10.0
186 108.9 240.0 300.0 10.0
187 109.1 240.0 180.0 10.0
188 109.5 240.0 60.0 10.0
189 109.7 240.0 300.0 10.0
190 110.2 300.0 180.0 10.0
191 110.4 240.0 180.0 10.0
192 110.6 300.0 180.0 10.0
193 110.7 60.0 120.0 10.0
194 111.6 240.0 180.0 10.0
195 112.1 300.0 180.0 10.0
196 112.2 120.0 180.0 10.0
197 112.6 180.0 300.0 10.0
198 112.8 240.0 120.0 10.0
199 112.9 60.0 180.0 10.0
200 112.9 0.0 60.0 10.0
