1 0.2 0.0 60.0 10.0
2 0.3 180.0 120.0 10.0
3 0.4 300.0 240.0 10.0
4 0.5 120.0 240.0 10.0
5 0.8 0.0 180.0 10.0
6 1.3 300.0 0.0 10.0
7 2.2 60.0 240.0 10.0
8 2.7 120.0 0.0 10.0
9 4.4 120.0 60.0 10.0
10 5.0 120.0 240.0 10.0
11 5.2 120.0 60.0 10.0
12 5.7 240.0 300.0 10.0
13 5.9 180.0 60.0 10.0
14 6.0 60.0 180.0 10.0
15 6.3 180.0 120.0 10.0
16 6.7 0.0 60.0 10.0
17 6.8 300.0 0.0 10.0
18 7.3 240.0 180.0 10.0
19 7.9 240.0 180.0 10.0
20 8.6 180.0 300.0 10.0
21 8.6 240.0 120.0 10.0
22 9.3 0.0 60.0 10.0
23 9.7 120.0 240.0 10.0
24 10.2 180.0 60.0 10.0
25 10.3 60.0 120.0 10.0
26 10.4 0.0 300.0 10.0
27 10.8 240.0 120.0 10.0
28 11.6 120.0 240.0 10.0
29 11.7 180.0 0.0 10.0
30 12.7 300.0 0.0 10.0
31 13.0 300.0 240.0 10.0
32 13.1 180.0 300.0 10.0
33 13.6 180.0 300.0 10.0
34 13.7 60.0 180.0 10.0
35 13.8 0.0 120.0 10.0
36 14.1 180.0 240.0 10.0
37 14.2 180.0 120.0 10.0
38 14.2 240.0 300.0 10.0
39 14.3 60.0 0.0 10.0
40 14.7 60.0 0.0 10.0
41 14.8 180.0 0.0 10.0
42 15.8 180.0 60.0 10.0
43 16.2 180.0 240.0 10.0
44 16.3 120.0 180.0 10.0
45 17.0 120.0 0.0 10.0
46 17.2 300.0 60.0 10.0
47 17.4 60.0 0.0 10.0
48 17.7 240.0 300.0 10.0
49 18.2 120.0 180.0 10.0
50 18.2 60.0 180.0 10.0
51 18.5 300.0 120.0 10.0
52 20.3 120.0 0.0 10.0
53 21.3 0.0 180.0 10.0
54 21.5 0.0 60.0 10.0
55 21.8 240.0 120.0 10.0
56 21.9 60.0 120.0 10.0
57 22.1 300.0 60.0 10.0
58 23.0 120.0 0.0 10.0
59 23.3 300.0 60.0 10.0
60 23.3 300.0 120.0 10.0
61 23.9 300.0 180.0 10.0
62 25.2 180.0 60.0 10.0
63 26.7 60.0 240.0 10.0
64 27.2 0.0 120.0 10.0
65 27.4 300.0 60.0 10.0
66 27.8 120.0 300.0 10.0
67 28.4 300.0 180.0 10.0
68 28.9 240.0 60.0 10.0
69 29.6 0.0 180.0 10.0
70 29.8 240.0 0.0 10.0
71 30.2 0.0 300.0 10.0
72 30.8 240.0 300.0 10.0
73 31.1 240.0 120.0 10.0
74 32.0 180.0 0.0 10.0
75 32.2 0.0 120.0 10.0
76 32.3 60.0 120.0 10.0
77 32.7 300.0 0.0 10.0
78 33.0 240.0 180.0 10.0
79 33.5 60.0 180.0 10.0
80 34.2 300.0 120.0 10.0
81 34.3 240.0 120.0 10.0
82 34.5 300.0 60.0 10.0
83 34.6 300.0 180.0 10.0
84 34.7 180.0 0.0 10.0
85 34.7 180.0 300.0 10.0
86 35.1 0.0 300.0 10.0
87 36.4 180.0 60.0 10.0
88 36.6 60.0 120.0 10.0
89 36.8 120.0 300.0 10.0
90 37.4 180.0 300.0 10.0
91 37.8 240.0 120.0 10.0
92 38.4 60.0 120.0 10.0
93 38.5 60.0 0.0 10.0
94 38.8 0.0 180.0 10.0
95 39.5 0.0 120.0 10.0
96 39.5 120.0 180.0 10.0
97 41.4 180.0 120.0 10.0
98 44.0 60.0 0.0 10.0
99 45.0 0.0 180.0 10.0
100 45.0 120.0 240.0 10.0
