0 
1 
2 0.5 90 0.6 92.8648 0.7 95.7296 0.8 98.5944 0.9 101.459 1 104.324 1.1 107.189 1.2 110.054 1.3 112.918 1.4 115.783 1.5 118.648 1.6 121.513 1.7 124.377 1.8 127.242 1.9 130.107 2 132.972 2.1 135.837 2.2 138.701 2.3 141.566 2.4 144.431 2.5 147.296 2.6 150.161 2.7 153.025 2.8 155.89 2.9 158.755 3 161.62 3.1 164.484 3.2 167.349 3.3 170.214 3.4 173.079 3.5 175.944 3.6 178.808 3.7 181.673 3.8 184.538 3.9 187.403 4 190.268 4.1 193.132 4.2 195.997 4.3 198.862 4.4 201.727 4.5 204.592 4.6 207.456 4.7 210.321 4.8 213.186 4.9 216.051 5 218.915 5.1 221.78 5.2 224.645 5.3 227.51 5.4 230.375 5.5 233.239 5.6 236.104 5.7 238.969 5.8 241.834 5.9 244.699 6 247.563 6.1 250.428 6.2 253.293 6.3 256.158 6.4 259.023 6.5 261.887 6.6 264.752 6.7 267.617 6.8 270.482 6.9 273.346 7 276.211 7.1 279.076 7.2 281.941 7.3 284.806 7.4 287.67 7.5 290.535 7.6 293.4 7.7 296.265 7.8 299.13 7.9 301.994 8 304.859 8.1 307.724 8.2 310.589 8.3 313.454 8.4 316.318 8.5 319.183 8.6 322.048 8.7 324.913 8.8 327.777 8.9 330.642 9 333.507 9.1 336.372 9.2 339.237 9.3 342.101 9.92478 360 
3 10.4248 180 10.5248 182.865 10.6248 185.73 10.7248 188.594 10.8248 191.459 10.9248 194.324 11.0248 197.189 11.1248 200.054 11.2248 202.918 11.3248 205.783 11.4248 208.648 11.5248 211.513 11.6248 214.377 11.7248 217.242 11.8248 220.107 11.9248 222.972 12.0248 225.837 12.1248 228.701 12.2248 231.566 12.3248 234.431 12.4248 237.296 12.5248 240.161 12.6248 243.025 12.7248 245.89 12.8248 248.755 12.9248 251.62 13.0248 254.484 13.1248 257.349 13.2248 260.214 13.3248 263.079 13.4248 265.944 13.5248 268.808 13.6248 271.673 13.7248 274.538 13.8248 277.403 13.9248 280.268 14.0248 283.132 14.1248 285.997 14.2248 288.862 14.3248 291.727 14.4248 294.592 14.5248 297.456 14.6248 300.321 14.7248 303.186 14.8248 306.051 14.9248 308.915 15.0248 311.78 15.1248 314.645 15.2248 317.51 15.3248 320.375 15.4248 323.239 15.5248 326.104 15.6248 328.969 15.7248 331.834 15.8248 334.699 15.9248 337.563 16.0248 340.428 16.1248 343.293 16.2248 346.158 16.3248 349.023 16.4248 351.887 16.5248 354.752 16.6248 357.617 16.7248 360.482 16.8248 363.346 16.9248 366.211 17.0248 369.076 17.1248 371.941 17.2248 374.806 17.3248 377.67 17.4248 380.535 17.5248 383.4 17.6248 386.265 17.7248 389.13 17.8248 391.994 17.9248 394.859 18.0248 397.724 18.1248 400.589 18.2248 403.454 18.3248 406.318 18.4248 409.183 18.5248 412.048 18.6248 414.913 18.7248 417.777 18.8248 420.642 18.9248 423.507 19.0248 426.372 19.1248 429.237 19.2248 432.101 19.8496 450 
4 
5 
6 20.8496 0 20.9496 2.86479 21.0496 5.72958 21.1496 8.59437 21.2496 11.4592 21.3496 14.3239 21.4496 17.1887 21.5496 20.0535 21.6496 22.9183 21.7496 25.7831 21.8496 28.6479 21.9496 31.5127 22.0496 34.3775 22.1496 37.2423 22.2496 40.107 22.3496 42.9718 22.4496 45.8366 22.5496 48.7014 22.6496 51.5662 22.7496 54.431 22.8496 57.2958 22.9496 60.1606 23.0496 63.0254 23.1496 65.8901 23.2496 68.7549 23.3496 71.6197 23.4496 74.4845 23.5496 77.3493 23.6496 80.2141 23.7496 83.0789 23.8496 85.9437 23.9496 88.8085 24.0496 91.6732 24.1496 94.538 24.2496 97.4028 24.3496 100.268 24.4496 103.132 24.5496 105.997 24.6496 108.862 24.7496 111.727 24.8496 114.592 24.9496 117.456 25.0496 120.321 25.1496 123.186 25.2496 126.051 25.3496 128.915 25.4496 131.78 25.5496 134.645 25.6496 137.51 25.7496 140.375 25.8496 143.239 25.9496 146.104 26.0496 148.969 26.1496 151.834 26.2496 154.699 26.3496 157.563 26.4496 160.428 26.5496 163.293 26.6496 166.158 27.1327 180 
7 
8 28.1327 180 28.2327 182.865 28.3327 185.73 28.4327 188.594 28.5327 191.459 28.6327 194.324 28.7327 197.189 28.8327 200.054 28.9327 202.918 29.0327 205.783 29.1327 208.648 29.2327 211.513 29.3327 214.377 29.4327 217.242 29.5327 220.107 29.6327 222.972 29.7327 225.837 29.8327 228.701 29.9327 231.566 30.0327 234.431 30.1327 237.296 30.2327 240.161 30.3327 243.025 30.4327 245.89 30.5327 248.755 30.6327 251.62 30.7327 254.484 30.8327 257.349 30.9327 260.214 31.2743 270 
9 22.3496 0 22.4496 2.86479 22.5496 5.72958 22.6496 8.59437 22.7496 11.4592 22.8496 14.3239 22.9496 17.1887 23.0496 20.0535 23.1496 22.9183 23.2496 25.7831 23.3496 28.6479 23.4496 31.5127 23.5496 34.3775 23.6496 37.2423 23.7496 40.107 23.8496 42.9718 23.9496 45.8366 24.0496 48.7014 24.1496 51.5662 24.2496 54.431 24.3496 57.2958 24.4496 60.1606 24.5496 63.0254 24.6496 65.8901 24.7496 68.7549 24.8496 71.6197 24.9496 74.4845 25.0496 77.3493 25.1496 80.2141 25.2496 83.0789 25.3496 85.9437 25.4496 88.8085 25.5496 91.6732 25.6496 94.538 25.7496 97.4028 25.8496 100.268 25.9496 103.132 26.0496 105.997 26.1496 108.862 26.2496 111.727 26.3496 114.592 26.4496 117.456 26.5496 120.321 26.6496 123.186 26.7496 126.051 26.8496 128.915 26.9496 131.78 27.0496 134.645 27.1496 137.51 27.2496 140.375 27.3496 143.239 27.4496 146.104 27.5496 148.969 27.6496 151.834 27.7496 154.699 27.8496 157.563 27.9496 160.428 28.0496 163.293 28.1496 166.158 28.6327 180 
